00 83.000000 1.860000 0
01 77.000000 1.150000 0
02 93.000000 1.350000 0
03 86.000000 1.920000 0
04 49.000000 1.210000 0
05 62.000000 1.270000 0
06 90.000000 1.590000 0
07 63.000000 1.260000 0
08 40.000000 1.260000 0
09 72.000000 1.360000 0
10 11.000000 1.680000 0
11 67.000000 1.290000 0
12 82.000000 1.300000 0
13 62.000000 1.230000 0
14 67.000000 1.350000 0
15 29.000000 1.020000 0
16 22.000000 1.580000 0
17 69.000000 1.670000 0
18 93.000000 1.560000 0
19 11.000000 1.420000 0
20 29.000000 1.730000 0
21 21.000000 1.190000 0
22 84.000000 1.370000 0
23 98.000000 1.240000 0
24 15.000000 1.700000 0
25 13.000000 1.260000 0
26 91.000000 1.800000 0
27 56.000000 1.730000 0
28 62.000000 1.700000 0
29 96.000000 1.810000 0
30 05.000000 1.250000 0
31 84.000000 1.270000 0
32 36.000000 1.050000 0
33 46.000000 1.290000 0
34 13.000000 1.570000 0
35 24.000000 1.950000 0
36 82.000000 1.450000 0
37 14.000000 1.670000 0
38 34.000000 1.640000 0
39 43.000000 1.500000 0
40 87.000000 1.080000 0
41 76.000000 1.780000 0
42 88.000000 1.840000 0
43 03.000000 1.510000 0
44 54.000000 1.990000 0
45 32.000000 1.600000 0
46 76.000000 1.680000 0
47 39.000000 1.120000 0
48 26.000000 1.860000 0
49 94.000000 1.390000 0
50 95.000000 1.700000 0
51 34.000000 1.780000 0
52 67.000000 1.010000 0
53 97.000000 1.020000 0
54 17.000000 1.920000 0
55 52.000000 1.560000 0
56 01.000000 1.800000 0
57 86.000000 1.410000 0
58 65.000000 1.890000 0
59 44.000000 1.190000 0
60 40.000000 1.290000 0
61 31.000000 1.170000 0
62 97.000000 1.710000 0
63 81.000000 1.750000 0
64 09.000000 1.270000 0
65 67.000000 1.560000 0
66 97.000000 1.530000 0
67 86.000000 1.650000 0
68 06.000000 1.830000 0
69 19.000000 1.240000 0
70 28.000000 1.710000 0
71 32.000000 1.290000 0
72 03.000000 1.190000 0
73 70.000000 1.680000 0
74 08.000000 1.150000 0
75 40.000000 1.490000 0
76 96.000000 1.230000 0
77 18.000000 1.450000 0
78 46.000000 1.510000 0
79 21.000000 1.550000 0
80 79.000000 1.880000 0
81 64.000000 1.280000 0
82 41.000000 1.500000 0
83 93.000000 1.000000 0
84 34.000000 1.640000 0
85 24.000000 1.140000 0
86 87.000000 1.560000 0
87 43.000000 1.910000 0
88 27.000000 1.650000 0
89 59.000000 1.360000 0
90 32.000000 1.510000 0
91 37.000000 1.280000 0
92 75.000000 1.070000 0
93 74.000000 1.210000 0
94 58.000000 1.950000 0
95 29.000000 1.370000 0
96 35.000000 1.930000 0
97 18.000000 1.280000 0
98 43.000000 1.110000 0
99 28.000000 1.290000 0
